,State/Province,Population,Store Number,Race White,Race African American,Race American Indian,Race Asian,Race Pacific Islander,Race Two or More,Race Two or More Including,Race Two or More Excluding
0,AK,508109.0,49,353907.0,22623.0,36950.0,34326.0,7299.0,46000.0,2683.0,43317.0
1,AL,1131772.0,85,768208.0,288986.0,3412.0,30737.0,437.0,19818.0,2179.0,17639.0
2,AR,863371.0,55,681154.0,113573.0,6126.0,21627.0,999.0,21063.0,1958.0,19105.0
3,AZ,5314874.0,488,4265304.0,230827.0,122774.0,178408.0,10320.0,173121.0,39051.0,134070.0
4,CA,32812499.0,2821,20328769.0,1830257.0,221338.0,4726519.0,134084.0,1513415.0,343867.0,1169548.0
5,CO,4067417.0,481,3409932.0,172641.0,35472.0,128677.0,5792.0,143870.0,27273.0,116597.0
6,CT,1148597.0,123,903412.0,95442.0,3714.0,48976.0,560.0,36740.0,9061.0,27679.0
7,DC,566290.0,91,253200.0,245605.0,2005.0,23068.0,250.0,16211.0,2295.0,13916.0
8,DE,326414.0,25,233718.0,58974.0,590.0,20048.0,48.0,7940.0,673.0,7267.0
9,FL,10035561.0,694,7929730.0,1265663.0,23156.0,314912.0,5918.0,245107.0,48004.0,197103.0
10,GA,4835395.0,326,3091277.0,1191922.0,14388.0,267813.0,2762.0,116085.0,17831.0,98254.0
11,HI,1140393.0,99,267104.0,22404.0,1985.0,462320.0,106202.0,268883.0,8862.0,260021.0
12,IA,1136309.0,89,999845.0,48799.0,3304.0,36888.0,705.0,27175.0,2116.0,25059.0
13,ID,931925.0,67,852049.0,7262.0,9421.0,17089.0,1311.0,24960.0,2785.0,22175.0
14,IL,7375053.0,575,5357082.0,812451.0,17543.0,533864.0,2096.0,182329.0,37893.0,144436.0
15,IN,3136774.0,221,2548240.0,321638.0,6528.0,94341.0,993.0,80444.0,11478.0,68966.0
16,KS,1286517.0,94,1074383.0,82124.0,8121.0,50681.0,1155.0,46497.0,4693.0,41804.0
17,KY,1731117.0,116,1436372.0,179810.0,4379.0,39006.0,848.0,44831.0,3801.0,41030.0
18,LA,1554895.0,84,1046098.0,406526.0,5858.0,42565.0,557.0,30735.0,2955.0,27780.0
19,MA,2239989.0,273,1668455.0,234172.0,6389.0,150448.0,831.0,80286.0,12939.0,67347.0
20,MD,3412078.0,257,1900289.0,946694.0,9589.0,280838.0,1809.0,110804.0,14511.0,96293.0
21,ME,265833.0,30,246420.0,6849.0,1206.0,5124.0,80.0,5114.0,150.0,4964.0
22,MI,3948758.0,283,3194559.0,405466.0,15719.0,178443.0,968.0,111735.0,9851.0,101884.0
23,MN,2533837.0,184,2075961.0,176154.0,16486.0,147779.0,816.0,76001.0,6669.0,69332.0
24,MO,2488341.0,188,2092615.0,228560.0,9649.0,66915.0,2773.0,64634.0,5356.0,59278.0
25,MS,567938.0,32,361457.0,174802.0,1627.0,12181.0,118.0,10781.0,1548.0,9233.0
26,MT,456629.0,36,419108.0,2681.0,15038.0,4018.0,194.0,12338.0,556.0,11782.0
27,NC,4495644.0,338,3056067.0,994731.0,33706.0,173766.0,3451.0,113600.0,13979.0,99621.0
28,ND,262274.0,13,236334.0,6600.0,5875.0,4503.0,33.0,7084.0,339.0,6745.0
29,NE,728014.0,58,651832.0,26122.0,3437.0,19683.0,539.0,17627.0,2239.0,15388.0
30,NH,322660.0,29,272582.0,23130.0,577.0,13943.0,119.0,7098.0,1145.0,5953.0
31,NJ,2800069.0,261,2047535.0,272561.0,13635.0,294969.0,1366.0,67884.0,13759.0,54125.0
32,NM,1094664.0,76,845066.0,31247.0,45545.0,22584.0,785.0,43101.0,14044.0,29057.0
33,NV,2152816.0,253,1475976.0,181928.0,19627.0,180078.0,14303.0,97065.0,15176.0,81889.0
34,NY,8756825.0,645,5840750.0,934658.0,26700.0,972863.0,2830.0,261515.0,70019.0,191496.0
35,OH,5316371.0,377,4413673.0,546742.0,9821.0,153757.0,1786.0,140987.0,12296.0,128691.0
36,OK,1064424.0,79,801988.0,81696.0,44075.0,39147.0,1205.0,76642.0,4008.0,72634.0
37,OR,3133251.0,359,2636009.0,65134.0,29959.0,146507.0,12949.0,133294.0,14056.0,119238.0
38,PA,4635953.0,357,3731790.0,468299.0,8575.0,223241.0,1718.0,103751.0,13598.0,90153.0
39,RI,103906.0,27,66726.0,26819.0,289.0,2660.0,6.0,2547.0,395.0,2152.0
40,SC,1957749.0,131,1407299.0,433227.0,4993.0,38954.0,1475.0,39464.0,5074.0,34390.0
41,SD,359240.0,25,312396.0,9850.0,15125.0,6281.0,106.0,10649.0,678.0,9971.0
42,TN,2772796.0,180,2091112.0,484153.0,7901.0,75687.0,1679.0,60976.0,6790.0,54186.0
43,TX,15020219.0,1042,11067013.0,1689045.0,67559.0,930329.0,13338.0,414849.0,90180.0,324669.0
44,UT,1706312.0,101,1491930.0,20475.0,13575.0,42877.0,14447.0,45933.0,8352.0,37581.0
45,VA,4978860.0,432,3318432.0,889912.0,14106.0,424696.0,4095.0,191631.0,22886.0,168745.0
46,VT,82558.0,8,75047.0,2209.0,281.0,2922.0,2.0,1648.0,99.0,1549.0
47,WA,5812575.0,757,4457822.0,230186.0,63877.0,501475.0,37681.0,315510.0,30389.0,285121.0
48,WI,2267194.0,145,1939992.0,123224.0,12675.0,89256.0,644.0,57577.0,7819.0,49758.0
49,WV,319136.0,25,285665.0,18726.0,752.0,4937.0,224.0,7787.0,284.0,7503.0
50,WY,343781.0,23,310268.0,5158.0,5959.0,4316.0,352.0,9487.0,1363.0,8124.0
